{"objList":[{"vertexArray":[0,0,200,400,0,200,0,400,200,400,0,200,400,400,200,0,400,200,0,400,0,400,0,0,0,0,0,0,400,0,400,400,0,400,0,0,400,400,0,400,400,200,400,0,200,400,400,0,400,0,200,400,0,0,0,0,200,0,400,200,0,400,0,0,0,200,0,400,0,0,0,0,400,0,0,400,0,200,0,0,200,400,0,0,0,0,200,0,0,0,400,400,0,0,400,0,0,400,200,400,400,0,0,400,200,400,400,200],"colorArray":[1,0,0,1,1,0,0,1,1,0,0,1,1,0,0,1,1,0,0,1,1,0,0,1,0,0,1,1,0,0,1,1,0,0,1,1,0,0,1,1,0,0,1,1,0,0,1,1,0,1,0,1,0,1,0,1,0,1,0,1,0,1,0,1,0,1,0,1,0,1,0,1,1,0,1,1,1,0,1,1,1,0,1,1,1,0,1,1,1,0,1,1,1,0,1,1,0,1,1,1,0,1,1,1,0,1,1,1,0,1,1,1,0,1,1,1,0,1,1,1,1,1,0,1,1,1,0,1,1,1,0,1,1,1,0,1,1,1,0,1,1,1,0,1],"id":0,"name":"badan","childs":[{"vertexArray":[0,0,190,300,0,190,0,200,190,300,0,190,300,200,190,0,200,190,0,200,0,300,0,0,0,0,0,0,200,0,300,200,0,300,0,0,300,200,0,300,200,190,300,0,190,300,200,0,300,0,190,300,0,0,0,0,190,0,200,190,0,200,0,0,0,190,0,200,0,0,0,0,300,0,0,300,0,190,0,0,190,300,0,0,0,0,190,0,0,0,300,200,0,0,200,0,0,200,190,300,200,0,0,200,190,300,200,190],"colorArray":[1,0,0,1,1,0,0,1,1,0,0,1,1,0,0,1,1,0,0,1,1,0,0,1,0,0,1,1,0,0,1,1,0,0,1,1,0,0,1,1,0,0,1,1,0,0,1,1,0,1,0,1,0,1,0,1,0,1,0,1,0,1,0,1,0,1,0,1,0,1,0,1,1,0,1,1,1,0,1,1,1,0,1,1,1,0,1,1,1,0,1,1,1,0,1,1,0,1,1,1,0,1,1,1,0,1,1,1,0,1,1,1,0,1,1,1,0,1,1,1,1,1,0,1,1,1,0,1,1,1,0,1,1,1,0,1,1,1,0,1,1,1,0,1],"id":1,"name":"kepala","childs":[{"vertexArray":[0,0,10,100,0,10,0,100,10,100,0,10,100,100,10,0,100,10,0,100,0,100,0,0,0,0,0,0,100,0,100,100,0,100,0,0,100,100,0,100,100,10,100,0,10,100,100,0,100,0,10,100,0,0,0,0,10,0,100,10,0,100,0,0,0,10,0,100,0,0,0,0,100,0,0,100,0,10,0,0,10,100,0,0,0,0,10,0,0,0,100,100,0,0,100,0,0,100,10,100,100,0,0,100,10,100,100,10],"colorArray":[1,0,0,1,1,0,0,1,1,0,0,1,1,0,0,1,1,0,0,1,1,0,0,1,0,0,1,1,0,0,1,1,0,0,1,1,0,0,1,1,0,0,1,1,0,0,1,1,0,1,0,1,0,1,0,1,0,1,0,1,0,1,0,1,0,1,0,1,0,1,0,1,1,0,1,1,1,0,1,1,1,0,1,1,1,0,1,1,1,0,1,1,1,0,1,1,0,1,1,1,0,1,1,1,0,1,1,1,0,1,1,1,0,1,1,1,0,1,1,1,1,1,0,1,1,1,0,1,1,1,0,1,1,1,0,1,1,1,0,1,1,1,0,1],"id":2,"name":"telinga kiri","childs":[],"anchorPoint":[100,0,5],"parentTransformationMatrix":[0.9992386149554826,-0.015602268173062754,0.035759748456955065,0,-0.01683003823512273,-0.9992700695971879,0.03429399102226979,0,0.03519858228470537,-0.03486971802419756,-0.99877182708067,0,-146.31412126600813,405.1327650282378,70.57404027819797,1],"transformMat":[1,0,0,0,0,1,0,0,0,0,1,0,0,0,0,1],"localProjectionMat":[1,0,0,0,0,1,0,0,0,0,1,0,0,0,0,1],"projectionMat":[0.9992386149554826,-0.015602268173062627,0.03575974845695518,0,0.016830038235122607,0.9992700695971879,-0.0342939910222698,0,-0.035198582284705494,0.03486971802419756,0.99877182708067,0,-220.16259727376666,354.42159717002727,14.674308205602962,1],"position":[25,50,50],"translateMat3":[1,0,0,0,0,1,0,0,0,0,1,0,25,50,50,1],"rotation":["33","149","197"],"rotateXMat3":[1,0,0,0,0,-0.013276747223059479,-0.9999118601072672,0,0,0.9999118601072672,-0.013276747223059479,0,0,0,0,1],"rotateYMat3":[-0.22374095013558368,0,-0.9746486480944947,0,0,1,0,0,0.9746486480944947,0,-0.22374095013558368,0,0,0,0,1],"rotateZMat3":[-0.6055518643146514,-0.7958058429196471,0,0,0.7958058429196471,-0.6055518643146514,0,0,0,0,1,0,0,0,0,1],"scale":[1,1,1],"scaleMat3":[1,0,0,0,0,1,0,0,0,0,1,0,0,0,0,1],"parentAnchorPoint":[150,100,95],"anchorPointmat":[1,0,0,0,0,1,0,0,0,0,1,0,-100,0,-5,1],"rotateMat3":[0.8197131663174273,-0.023049350545424868,-0.5723102763408078,0,0.25061146493886294,-0.8840377929583567,0.3945517383848597,0,-0.5150380749100544,-0.4668467715008339,-0.7188809869040865,0,0,0,0,1]},{"vertexArray":[0,0,10,100,0,10,0,100,10,100,0,10,100,100,10,0,100,10,0,100,0,100,0,0,0,0,0,0,100,0,100,100,0,100,0,0,100,100,0,100,100,10,100,0,10,100,100,0,100,0,10,100,0,0,0,0,10,0,100,10,0,100,0,0,0,10,0,100,0,0,0,0,100,0,0,100,0,10,0,0,10,100,0,0,0,0,10,0,0,0,100,100,0,0,100,0,0,100,10,100,100,0,0,100,10,100,100,10],"colorArray":[1,0,0,1,1,0,0,1,1,0,0,1,1,0,0,1,1,0,0,1,1,0,0,1,0,0,1,1,0,0,1,1,0,0,1,1,0,0,1,1,0,0,1,1,0,0,1,1,0,1,0,1,0,1,0,1,0,1,0,1,0,1,0,1,0,1,0,1,0,1,0,1,1,0,1,1,1,0,1,1,1,0,1,1,1,0,1,1,1,0,1,1,1,0,1,1,0,1,1,1,0,1,1,1,0,1,1,1,0,1,1,1,0,1,1,1,0,1,1,1,1,1,0,1,1,1,0,1,1,1,0,1,1,1,0,1,1,1,0,1,1,1,0,1],"id":3,"name":"telinga kanan","childs":[],"anchorPoint":[0,0,5],"parentTransformationMatrix":[0.9992386149554826,-0.015602268173062754,0.035759748456955065,0,-0.01683003823512273,-0.9992700695971879,0.03429399102226979,0,0.03519858228470537,-0.03486971802419756,-0.99877182708067,0,-146.31412126600813,405.1327650282378,70.57404027819797,1],"transformMat":[1,0,0,0,0,1,0,0,0,0,1,0,0,0,0,1],"localProjectionMat":[1,0,0,0,0,1,0,0,0,0,1,0,0,0,0,1],"projectionMat":[0.9992386149554826,-0.015602268173062582,0.03575974845695508,0,0.0346241017826118,0.7770674415477061,-0.6284642892497947,0,-0.017982267865767163,0.6292239351092409,0.777016008540394,0,129.4848363885575,345.9890322240301,28.29899925823863,1],"position":[275,50,50],"translateMat3":[1,0,0,0,0,1,0,0,0,0,1,0,275,50,50,1],"rotation":["37",180,180],"rotateXMat3":[1,0,0,0,0,0.7654140519453434,0.6435381333569995,0,0,-0.6435381333569995,0.7654140519453434,0,0,0,0,1],"rotateYMat3":[-0.5984600690578581,0,-0.8011526357338304,0,0,1,0,0,0.8011526357338304,0,-0.5984600690578581,0,0,0,0,1],"rotateZMat3":[-0.5984600690578581,0.8011526357338304,0,0,-0.8011526357338304,-0.5984600690578581,0,0,0,0,1,0,0,0,0,1],"scale":[1,1,1],"scaleMat3":[1,0,0,0,0,1,0,0,0,0,1,0,0,0,0,1],"parentAnchorPoint":[150,100,95],"anchorPointmat":[1,0,0,0,0,1,0,0,0,0,1,0,0,0,-5,1],"rotateMat3":[1,-1.7150572628467771e-16,-2.4103557928288486e-17,0,-1.2246467991473532e-16,-0.7986355100472928,0.6018150231520483,0,-1.2246467991473532e-16,-0.6018150231520483,-0.7986355100472928,0,0,0,0,1]},{"vertexArray":[0,0,50,200,0,50,0,100,50,200,0,50,200,100,50,0,100,50,0,100,0,200,0,0,0,0,0,0,100,0,200,100,0,200,0,0,200,100,0,200,100,50,200,0,50,200,100,0,200,0,50,200,0,0,0,0,50,0,100,50,0,100,0,0,0,50,0,100,0,0,0,0,200,0,0,200,0,50,0,0,50,200,0,0,0,0,50,0,0,0,200,100,0,0,100,0,0,100,50,200,100,0,0,100,50,200,100,50],"colorArray":[1,0,0,1,1,0,0,1,1,0,0,1,1,0,0,1,1,0,0,1,1,0,0,1,0,0,1,1,0,0,1,1,0,0,1,1,0,0,1,1,0,0,1,1,0,0,1,1,0,1,0,1,0,1,0,1,0,1,0,1,0,1,0,1,0,1,0,1,0,1,0,1,1,0,1,1,1,0,1,1,1,0,1,1,1,0,1,1,1,0,1,1,1,0,1,1,0,1,1,1,0,1,1,1,0,1,1,1,0,1,1,1,0,1,1,1,0,1,1,1,1,1,0,1,1,1,0,1,1,1,0,1,1,1,0,1,1,1,0,1,1,1,0,1],"id":4,"name":"mulut","childs":[],"anchorPoint":[100,75,25],"parentTransformationMatrix":[0.9992386149554826,-0.015602268173062754,0.035759748456955065,0,-0.01683003823512273,-0.9992700695971879,0.03429399102226979,0,0.03519858228470537,-0.03486971802419756,-0.99877182708067,0,-146.31412126600813,405.1327650282378,70.57404027819797,1],"transformMat":[1,0,0,0,0,1,0,0,0,0,1,0,0,0,0,1],"localProjectionMat":[1,0,0,0,0,1,0,0,0,0,1,0,0,0,0,1],"projectionMat":[0.9992386149554826,-0.015602268173062627,0.03575974845695518,0,0.016830038235122607,0.9992700695971879,-0.0342939910222698,0,-0.035198582284705494,0.03486971802419756,0.99877182708067,0,-91.79851715119982,196.65295114470266,-145.50283518765107,1],"position":[150,125,200],"translateMat3":[1,0,0,0,0,1,0,0,0,0,1,0,150,125,200,1],"rotation":[0,180,180],"rotateXMat3":[1,0,0,0,0,1,0,0,0,0,1,0,0,0,0,1],"rotateYMat3":[-0.5984600690578581,0,-0.8011526357338304,0,0,1,0,0,0.8011526357338304,0,-0.5984600690578581,0,0,0,0,1],"rotateZMat3":[-0.5984600690578581,0.8011526357338304,0,0,-0.8011526357338304,-0.5984600690578581,0,0,0,0,1,0,0,0,0,1],"scale":[1,1,1],"scaleMat3":[1,0,0,0,0,1,0,0,0,0,1,0,0,0,0,1],"parentAnchorPoint":[150,100,95],"anchorPointmat":[1,0,0,0,0,1,0,0,0,0,1,0,-100,-75,-25,1],"rotateMat3":[1,-1.2246467991473532e-16,-1.2246467991473532e-16,0,-1.2246467991473532e-16,-1,1.4997597826618576e-32,0,-1.2246467991473532e-16,0,-1,0,0,0,0,1]}],"anchorPoint":[150,100,95],"parentTransformationMatrix":[0.9992386149554826,-0.015602268173062627,0.03575974845695518,0,0.017441774902830158,0.9985093154342031,-0.05171973974565147,0,-0.03489949670250097,0.05230407459247084,0.9980211966240684,0,-199.84612830141248,-201.81181691147518,-96.61012140466758,1],"transformMat":[1,0,0,0,0,1,0,0,0,0,1,0,0,0,0,1],"localProjectionMat":[1,0,0,0,0,1,0,0,0,0,1,0,0,0,0,1],"projectionMat":[0.9992386149554826,-0.015602268173062518,0.035759748456955044,0,0.033938836187073405,-0.10449033351678405,-0.9939466412236716,0,0.01924437008883002,0.994403509360967,-0.10388125331587539,0,-149.8753585496196,217.87383481860687,88.38349899513662,1],"position":[200,500,100],"translateMat3":[1,0,0,0,0,1,0,0,0,0,1,0,200,500,100,1],"rotation":["359",180,180],"rotateXMat3":[1,0,0,0,0,0.6536208072447929,-0.7568221986283603,0,0,0.7568221986283603,0.6536208072447929,0,0,0,0,1],"rotateYMat3":[-0.5984600690578581,0,-0.8011526357338304,0,0,1,0,0,0.8011526357338304,0,-0.5984600690578581,0,0,0,0,1],"rotateZMat3":[-0.5984600690578581,0.8011526357338304,0,0,-0.8011526357338304,-0.5984600690578581,0,0,0,0,1,0,0,0,0,1],"scale":[1,1,1],"scaleMat3":[1,0,0,0,0,1,0,0,0,0,1,0,0,0,0,1],"parentAnchorPoint":[200,200,100],"anchorPointmat":[1,0,0,0,0,1,0,0,0,0,1,0,-150,-100,-95,1],"rotateMat3":[1,-1.2030872458272942e-16,-1.2458333131889722e-16,0,-1.2246467991473532e-16,-0.9998476951563913,-0.01745240643728445,0,-1.2246467991473532e-16,0.01745240643728445,-0.9998476951563913,0,0,0,0,1]},{"vertexArray":[0,0,150,250,0,150,0,100,150,250,0,150,250,100,150,0,100,150,0,100,0,250,0,0,0,0,0,0,100,0,250,100,0,250,0,0,250,100,0,250,100,150,250,0,150,250,100,0,250,0,150,250,0,0,0,0,150,0,100,150,0,100,0,0,0,150,0,100,0,0,0,0,250,0,0,250,0,150,0,0,150,250,0,0,0,0,150,0,0,0,250,100,0,0,100,0,0,100,150,250,100,0,0,100,150,250,100,150],"colorArray":[1,0,0,1,1,0,0,1,1,0,0,1,1,0,0,1,1,0,0,1,1,0,0,1,0,0,1,1,0,0,1,1,0,0,1,1,0,0,1,1,0,0,1,1,0,0,1,1,0,1,0,1,0,1,0,1,0,1,0,1,0,1,0,1,0,1,0,1,0,1,0,1,1,0,1,1,1,0,1,1,1,0,1,1,1,0,1,1,1,0,1,1,1,0,1,1,0,1,1,1,0,1,1,1,0,1,1,1,0,1,1,1,0,1,1,1,0,1,1,1,1,1,0,1,1,1,0,1,1,1,0,1,1,1,0,1,1,1,0,1,1,1,0,1],"id":5,"name":"tangan kiri","childs":[],"anchorPoint":[250,50,75],"parentTransformationMatrix":[0.9992386149554826,-0.015602268173062627,0.03575974845695518,0,0.017441774902830158,0.9985093154342031,-0.05171973974565147,0,-0.03489949670250097,0.05230407459247084,0.9980211966240684,0,-199.84612830141248,-201.81181691147518,-96.61012140466758,1],"transformMat":[1,0,0,0,0,1,0,0,0,0,1,0,0,0,0,1],"localProjectionMat":[1,0,0,0,0,1,0,0,0,0,1,0,0,0,0,1],"projectionMat":[-0.03489949670250079,0.05230407459247072,0.9980211966240684,0,-0.017441774902830155,-0.9985093154342031,0.05171973974565135,0,0.9992386149554826,-0.015602268173062638,0.035759748456955,0,-212.70266808330652,185.143808200491,-267.63659180923406,1],"position":[50,345,100],"translateMat3":[1,0,0,0,0,1,0,0,0,0,1,0,50,345,100,1],"rotation":["15","249","183"],"rotateXMat3":[1,0,0,0,0,-0.7596879128588213,-0.6502878401571168,0,0,0.6502878401571168,-0.7596879128588213,0,0,0,0,1],"rotateYMat3":[-0.68646463135462,0,-0.727163193443649,0,0,1,0,0,0.727163193443649,0,-0.68646463135462,0,0,0,0,1],"rotateZMat3":[0.7055296442942061,-0.7086804082392084,0,0,0.7086804082392084,0.7055296442942061,0,0,0,0,1,0,0,0,0,1],"scale":[1,1,1],"scaleMat3":[1,0,0,0,0,1,0,0,0,0,1,0,0,0,0,1],"parentAnchorPoint":[200,200,100],"anchorPointmat":[1,0,0,0,0,1,0,0,0,0,1,0,-250,-50,-75,1],"rotateMat3":[0.35787681872537425,0.2918499029740162,0.8869880589687006,0,0.018755529326276266,-0.9519562054322254,0.30565930880437747,0,0.9335804264972016,-0.09275245049666306,-0.3461568577800637,0,0,0,0,1]},{"vertexArray":[0,0,150,250,0,150,0,100,150,250,0,150,250,100,150,0,100,150,0,100,0,250,0,0,0,0,0,0,100,0,250,100,0,250,0,0,250,100,0,250,100,150,250,0,150,250,100,0,250,0,150,250,0,0,0,0,150,0,100,150,0,100,0,0,0,150,0,100,0,0,0,0,250,0,0,250,0,150,0,0,150,250,0,0,0,0,150,0,0,0,250,100,0,0,100,0,0,100,150,250,100,0,0,100,150,250,100,150],"colorArray":[1,0,0,1,1,0,0,1,1,0,0,1,1,0,0,1,1,0,0,1,1,0,0,1,0,0,1,1,0,0,1,1,0,0,1,1,0,0,1,1,0,0,1,1,0,0,1,1,0,1,0,1,0,1,0,1,0,1,0,1,0,1,0,1,0,1,0,1,0,1,0,1,1,0,1,1,1,0,1,1,1,0,1,1,1,0,1,1,1,0,1,1,1,0,1,1,0,1,1,1,0,1,1,1,0,1,1,1,0,1,1,1,0,1,1,1,0,1,1,1,1,1,0,1,1,1,0,1,1,1,0,1,1,1,0,1,1,1,0,1,1,1,0,1],"id":6,"name":"tangan kanan","childs":[],"anchorPoint":[0,50,75],"parentTransformationMatrix":[0.9992386149554826,-0.015602268173062627,0.03575974845695518,0,0.017441774902830158,0.9985093154342031,-0.05171973974565147,0,-0.03489949670250097,0.05230407459247084,0.9980211966240684,0,-199.84612830141248,-201.81181691147518,-96.61012140466758,1],"transformMat":[1,0,0,0,0,1,0,0,0,0,1,0,0,0,0,1],"localProjectionMat":[1,0,0,0,0,1,0,0,0,0,1,0,0,0,0,1],"projectionMat":[0.03489949670250091,-0.05230407459247096,-0.9980211966240684,0,-0.01744177490283016,-0.9985093154342031,0.0517197397456516,0,-0.9992386149554826,0.015602268173062631,-0.03575974845695512,0,228.22983447103547,191.19880617073053,-2.0394058475871333,1],"position":[350,345,100],"translateMat3":[1,0,0,0,0,1,0,0,0,0,1,0,350,345,100,1],"rotation":[0,"127",180],"rotateXMat3":[1,0,0,0,0,1,0,0,0,0,1,0,0,0,0,1],"rotateYMat3":[0.23235910202965793,0,0.972630067242408,0,0,1,0,0,-0.972630067242408,0,0.23235910202965793,0,0,0,0,1],"rotateZMat3":[-0.5984600690578581,0.8011526357338304,0,0,-0.8011526357338304,-0.5984600690578581,0,0,0,0,1,0,0,0,0,1],"scale":[1,1,1],"scaleMat3":[1,0,0,0,0,1,0,0,0,0,1,0,0,0,0,1],"parentAnchorPoint":[200,200,100],"anchorPointmat":[1,0,0,0,0,1,0,0,0,0,1,0,0,-50,-75,1],"rotateMat3":[0.6018150231520484,-1.2246467991473532e-16,-0.7986355100472927,0,-7.370108417819463e-17,-1,9.780464210648308e-17,0,-0.7986355100472927,0,-0.6018150231520484,0,0,0,0,1]},{"vertexArray":[0,0,150,250,0,150,0,100,150,250,0,150,250,100,150,0,100,150,0,100,0,250,0,0,0,0,0,0,100,0,250,100,0,250,0,0,250,100,0,250,100,150,250,0,150,250,100,0,250,0,150,250,0,0,0,0,150,0,100,150,0,100,0,0,0,150,0,100,0,0,0,0,250,0,0,250,0,150,0,0,150,250,0,0,0,0,150,0,0,0,250,100,0,0,100,0,0,100,150,250,100,0,0,100,150,250,100,150],"colorArray":[1,0,0,1,1,0,0,1,1,0,0,1,1,0,0,1,1,0,0,1,1,0,0,1,0,0,1,1,0,0,1,1,0,0,1,1,0,0,1,1,0,0,1,1,0,0,1,1,0,1,0,1,0,1,0,1,0,1,0,1,0,1,0,1,0,1,0,1,0,1,0,1,1,0,1,1,1,0,1,1,1,0,1,1,1,0,1,1,1,0,1,1,1,0,1,1,0,1,1,1,0,1,1,1,0,1,1,1,0,1,1,1,0,1,1,1,0,1,1,1,1,1,0,1,1,1,0,1,1,1,0,1,1,1,0,1,1,1,0,1,1,1,0,1],"id":7,"name":"kaki kiri","childs":[],"anchorPoint":[250,50,75],"parentTransformationMatrix":[0.9992386149554826,-0.015602268173062627,0.03575974845695518,0,0.017441774902830158,0.9985093154342031,-0.05171973974565147,0,-0.03489949670250097,0.05230407459247084,0.9980211966240684,0,-199.84612830141248,-201.81181691147518,-96.61012140466758,1],"transformMat":[1,0,0,0,0,1,0,0,0,0,1,0,0,0,0,1],"localProjectionMat":[1,0,0,0,0,1,0,0,0,0,1,0,0,0,0,1],"projectionMat":[-0.03489949670250079,0.05230407459247072,0.9980211966240684,0,-0.017441774902830155,-0.9985093154342031,0.05171973974565135,0,0.9992386149554826,-0.015602268173062638,0.035759748456955,0,-217.76078280512726,-104.42389327542787,-252.63786728299513,1],"position":[50,55,100],"translateMat3":[1,0,0,0,0,1,0,0,0,0,1,0,50,55,100,1],"rotation":["3",270,"207"],"rotateXMat3":[1,0,0,0,0,-0.9899924966004454,-0.1411200080598672,0,0,0.1411200080598672,-0.9899924966004454,0,0,0,0,1],"rotateYMat3":[0.9843819506325049,0,-0.1760459464712114,0,0,1,0,0,0.1760459464712114,0,0.9843819506325049,0,0,0,0,1],"rotateZMat3":[0.9410365074429887,0.3383050275409778,0,0,-0.3383050275409778,0.9410365074429887,0,0,0,0,1,0,0,0,0,1],"scale":[1,1,1],"scaleMat3":[1,0,0,0,0,1,0,0,0,0,1,0,0,0,0,1],"parentAnchorPoint":[200,200,100],"anchorPointmat":[1,0,0,0,0,1,0,0,0,0,1,0,-250,-50,-75,1],"rotateMat3":[1.6367524318000406e-16,0.49999999999999944,0.8660254037844389,0,8.339670185240139e-17,-0.8660254037844389,0.49999999999999944,0,1,-9.613959193985563e-18,-1.8344526949067989e-16,0,0,0,0,1]},{"vertexArray":[0,0,150,250,0,150,0,100,150,250,0,150,250,100,150,0,100,150,0,100,0,250,0,0,0,0,0,0,100,0,250,100,0,250,0,0,250,100,0,250,100,150,250,0,150,250,100,0,250,0,150,250,0,0,0,0,150,0,100,150,0,100,0,0,0,150,0,100,0,0,0,0,250,0,0,250,0,150,0,0,150,250,0,0,0,0,150,0,0,0,250,100,0,0,100,0,0,100,150,250,100,0,0,100,150,250,100,150],"colorArray":[1,0,0,1,1,0,0,1,1,0,0,1,1,0,0,1,1,0,0,1,1,0,0,1,0,0,1,1,0,0,1,1,0,0,1,1,0,0,1,1,0,0,1,1,0,0,1,1,0,1,0,1,0,1,0,1,0,1,0,1,0,1,0,1,0,1,0,1,0,1,0,1,1,0,1,1,1,0,1,1,1,0,1,1,1,0,1,1,1,0,1,1,1,0,1,1,0,1,1,1,0,1,1,1,0,1,1,1,0,1,1,1,0,1,1,1,0,1,1,1,1,1,0,1,1,1,0,1,1,1,0,1,1,1,0,1,1,1,0,1,1,1,0,1],"id":8,"name":"kaki kanan","childs":[],"anchorPoint":[0,50,75],"parentTransformationMatrix":[0.9992386149554826,-0.015602268173062627,0.03575974845695518,0,0.017441774902830158,0.9985093154342031,-0.05171973974565147,0,-0.03489949670250097,0.05230407459247084,0.9980211966240684,0,-199.84612830141248,-201.81181691147518,-96.61012140466758,1],"transformMat":[1,0,0,0,0,1,0,0,0,0,1,0,0,0,0,1],"localProjectionMat":[1,0,0,0,0,1,0,0,0,0,1,0,0,0,0,1],"projectionMat":[0.03489949670250091,-0.05230407459247096,-0.9980211966240684,0,-0.01744177490283016,-0.9985093154342031,0.0517197397456516,0,-0.9992386149554826,0.015602268173062631,-0.03575974845695512,0,223.17171974921467,-98.36889530518837,12.959318678651783,1],"position":[350,55,100],"translateMat3":[1,0,0,0,0,1,0,0,0,0,1,0,350,55,100,1],"rotation":[0,90,"203"],"rotateXMat3":[1,0,0,0,0,1,0,0,0,0,1,0,0,0,0,1],"rotateYMat3":[-0.4480736161291702,0,0.8939966636005579,0,0,1,0,0,-0.8939966636005579,0,-0.4480736161291702,0,0,0,0,1],"rotateZMat3":[-0.35907242107165305,-0.9333097001669604,0,0,0.9333097001669604,-0.35907242107165305,0,0,0,0,1,0,0,0,0,1],"scale":[1,1,1],"scaleMat3":[1,0,0,0,0,1,0,0,0,0,1,0,0,0,0,1],"parentAnchorPoint":[200,200,100],"anchorPointmat":[1,0,0,0,0,1,0,0,0,0,1,0,0,-50,-75,1],"rotateMat3":[-5.636466611900673e-17,0.39073112848927355,-0.9205048534524404,0,-2.3925381291581103e-17,-0.9205048534524404,-0.39073112848927355,0,-1,0,6.123233995736766e-17,0,0,0,0,1]}],"anchorPoint":[200,200,100],"parentTransformationMatrix":[1,0,0,0,0,1,0,0,0,0,1,0,0,0,0,1],"transformMat":[1,0,0,0,0,1,0,0,0,0,1,0,0,0,0,1],"localProjectionMat":[1,0,0,0,0,1,0,0,0,0,1,0,0,0,0,1],"projectionMat":[1,0,0,0,0,1,0,0,0,0,1,0,0,0,0,1],"position":[0,0,0],"translateMat3":[1,0,0,0,0,1,0,0,0,0,1,0,0,0,0,1],"rotation":["3","2","1"],"rotateXMat3":[1,0,0,0,0,-0.9899924966004454,-0.1411200080598672,0,0,0.1411200080598672,-0.9899924966004454,0,0,0,0,1],"rotateYMat3":[-0.4161468365471424,0,0.9092974268256817,0,0,1,0,0,-0.9092974268256817,0,-0.4161468365471424,0,0,0,0,1],"rotateZMat3":[0.5403023058681398,-0.8414709848078965,0,0,0.8414709848078965,0.5403023058681398,0,0,0,0,1,0,0,0,0,1],"scale":[1,1,1],"scaleMat3":[1,0,0,0,0,1,0,0,0,0,1,0,0,0,0,1],"anchorPointmat":[1,0,0,0,0,1,0,0,0,0,1,0,-200,-200,-100,1],"rotateMat3":[0.9992386149554826,-0.015602268173062627,0.03575974845695518,0,0.017441774902830158,0.9985093154342031,-0.05171973974565147,0,-0.03489949670250097,0.05230407459247084,0.9980211966240684,0,0,0,0,1]},{"vertexArray":[0,0,190,300,0,190,0,200,190,300,0,190,300,200,190,0,200,190,0,200,0,300,0,0,0,0,0,0,200,0,300,200,0,300,0,0,300,200,0,300,200,190,300,0,190,300,200,0,300,0,190,300,0,0,0,0,190,0,200,190,0,200,0,0,0,190,0,200,0,0,0,0,300,0,0,300,0,190,0,0,190,300,0,0,0,0,190,0,0,0,300,200,0,0,200,0,0,200,190,300,200,0,0,200,190,300,200,190],"colorArray":[1,0,0,1,1,0,0,1,1,0,0,1,1,0,0,1,1,0,0,1,1,0,0,1,0,0,1,1,0,0,1,1,0,0,1,1,0,0,1,1,0,0,1,1,0,0,1,1,0,1,0,1,0,1,0,1,0,1,0,1,0,1,0,1,0,1,0,1,0,1,0,1,1,0,1,1,1,0,1,1,1,0,1,1,1,0,1,1,1,0,1,1,1,0,1,1,0,1,1,1,0,1,1,1,0,1,1,1,0,1,1,1,0,1,1,1,0,1,1,1,1,1,0,1,1,1,0,1,1,1,0,1,1,1,0,1,1,1,0,1,1,1,0,1],"id":1,"name":"kepala","childs":[{"vertexArray":[0,0,10,100,0,10,0,100,10,100,0,10,100,100,10,0,100,10,0,100,0,100,0,0,0,0,0,0,100,0,100,100,0,100,0,0,100,100,0,100,100,10,100,0,10,100,100,0,100,0,10,100,0,0,0,0,10,0,100,10,0,100,0,0,0,10,0,100,0,0,0,0,100,0,0,100,0,10,0,0,10,100,0,0,0,0,10,0,0,0,100,100,0,0,100,0,0,100,10,100,100,0,0,100,10,100,100,10],"colorArray":[1,0,0,1,1,0,0,1,1,0,0,1,1,0,0,1,1,0,0,1,1,0,0,1,0,0,1,1,0,0,1,1,0,0,1,1,0,0,1,1,0,0,1,1,0,0,1,1,0,1,0,1,0,1,0,1,0,1,0,1,0,1,0,1,0,1,0,1,0,1,0,1,1,0,1,1,1,0,1,1,1,0,1,1,1,0,1,1,1,0,1,1,1,0,1,1,0,1,1,1,0,1,1,1,0,1,1,1,0,1,1,1,0,1,1,1,0,1,1,1,1,1,0,1,1,1,0,1,1,1,0,1,1,1,0,1,1,1,0,1,1,1,0,1],"id":2,"name":"telinga kiri","childs":[],"anchorPoint":[100,0,5],"parentTransformationMatrix":[0.9992386149554826,-0.015602268173062754,0.035759748456955065,0,-0.01683003823512273,-0.9992700695971879,0.03429399102226979,0,0.03519858228470537,-0.03486971802419756,-0.99877182708067,0,-146.31412126600813,405.1327650282378,70.57404027819797,1],"transformMat":[1,0,0,0,0,1,0,0,0,0,1,0,0,0,0,1],"localProjectionMat":[1,0,0,0,0,1,0,0,0,0,1,0,0,0,0,1],"projectionMat":[0.9992386149554826,-0.015602268173062627,0.03575974845695518,0,0.016830038235122607,0.9992700695971879,-0.0342939910222698,0,-0.035198582284705494,0.03486971802419756,0.99877182708067,0,-220.16259727376666,354.42159717002727,14.674308205602962,1],"position":[25,50,50],"translateMat3":[1,0,0,0,0,1,0,0,0,0,1,0,25,50,50,1],"rotation":["33","149","197"],"rotateXMat3":[1,0,0,0,0,-0.013276747223059479,-0.9999118601072672,0,0,0.9999118601072672,-0.013276747223059479,0,0,0,0,1],"rotateYMat3":[-0.22374095013558368,0,-0.9746486480944947,0,0,1,0,0,0.9746486480944947,0,-0.22374095013558368,0,0,0,0,1],"rotateZMat3":[-0.6055518643146514,-0.7958058429196471,0,0,0.7958058429196471,-0.6055518643146514,0,0,0,0,1,0,0,0,0,1],"scale":[1,1,1],"scaleMat3":[1,0,0,0,0,1,0,0,0,0,1,0,0,0,0,1],"parentAnchorPoint":[150,100,95],"anchorPointmat":[1,0,0,0,0,1,0,0,0,0,1,0,-100,0,-5,1],"rotateMat3":[0.8197131663174273,-0.023049350545424868,-0.5723102763408078,0,0.25061146493886294,-0.8840377929583567,0.3945517383848597,0,-0.5150380749100544,-0.4668467715008339,-0.7188809869040865,0,0,0,0,1]},{"vertexArray":[0,0,10,100,0,10,0,100,10,100,0,10,100,100,10,0,100,10,0,100,0,100,0,0,0,0,0,0,100,0,100,100,0,100,0,0,100,100,0,100,100,10,100,0,10,100,100,0,100,0,10,100,0,0,0,0,10,0,100,10,0,100,0,0,0,10,0,100,0,0,0,0,100,0,0,100,0,10,0,0,10,100,0,0,0,0,10,0,0,0,100,100,0,0,100,0,0,100,10,100,100,0,0,100,10,100,100,10],"colorArray":[1,0,0,1,1,0,0,1,1,0,0,1,1,0,0,1,1,0,0,1,1,0,0,1,0,0,1,1,0,0,1,1,0,0,1,1,0,0,1,1,0,0,1,1,0,0,1,1,0,1,0,1,0,1,0,1,0,1,0,1,0,1,0,1,0,1,0,1,0,1,0,1,1,0,1,1,1,0,1,1,1,0,1,1,1,0,1,1,1,0,1,1,1,0,1,1,0,1,1,1,0,1,1,1,0,1,1,1,0,1,1,1,0,1,1,1,0,1,1,1,1,1,0,1,1,1,0,1,1,1,0,1,1,1,0,1,1,1,0,1,1,1,0,1],"id":3,"name":"telinga kanan","childs":[],"anchorPoint":[0,0,5],"parentTransformationMatrix":[0.9992386149554826,-0.015602268173062754,0.035759748456955065,0,-0.01683003823512273,-0.9992700695971879,0.03429399102226979,0,0.03519858228470537,-0.03486971802419756,-0.99877182708067,0,-146.31412126600813,405.1327650282378,70.57404027819797,1],"transformMat":[1,0,0,0,0,1,0,0,0,0,1,0,0,0,0,1],"localProjectionMat":[1,0,0,0,0,1,0,0,0,0,1,0,0,0,0,1],"projectionMat":[0.9992386149554826,-0.015602268173062582,0.03575974845695508,0,0.0346241017826118,0.7770674415477061,-0.6284642892497947,0,-0.017982267865767163,0.6292239351092409,0.777016008540394,0,129.4848363885575,345.9890322240301,28.29899925823863,1],"position":[275,50,50],"translateMat3":[1,0,0,0,0,1,0,0,0,0,1,0,275,50,50,1],"rotation":["37",180,180],"rotateXMat3":[1,0,0,0,0,0.7654140519453434,0.6435381333569995,0,0,-0.6435381333569995,0.7654140519453434,0,0,0,0,1],"rotateYMat3":[-0.5984600690578581,0,-0.8011526357338304,0,0,1,0,0,0.8011526357338304,0,-0.5984600690578581,0,0,0,0,1],"rotateZMat3":[-0.5984600690578581,0.8011526357338304,0,0,-0.8011526357338304,-0.5984600690578581,0,0,0,0,1,0,0,0,0,1],"scale":[1,1,1],"scaleMat3":[1,0,0,0,0,1,0,0,0,0,1,0,0,0,0,1],"parentAnchorPoint":[150,100,95],"anchorPointmat":[1,0,0,0,0,1,0,0,0,0,1,0,0,0,-5,1],"rotateMat3":[1,-1.7150572628467771e-16,-2.4103557928288486e-17,0,-1.2246467991473532e-16,-0.7986355100472928,0.6018150231520483,0,-1.2246467991473532e-16,-0.6018150231520483,-0.7986355100472928,0,0,0,0,1]},{"vertexArray":[0,0,50,200,0,50,0,100,50,200,0,50,200,100,50,0,100,50,0,100,0,200,0,0,0,0,0,0,100,0,200,100,0,200,0,0,200,100,0,200,100,50,200,0,50,200,100,0,200,0,50,200,0,0,0,0,50,0,100,50,0,100,0,0,0,50,0,100,0,0,0,0,200,0,0,200,0,50,0,0,50,200,0,0,0,0,50,0,0,0,200,100,0,0,100,0,0,100,50,200,100,0,0,100,50,200,100,50],"colorArray":[1,0,0,1,1,0,0,1,1,0,0,1,1,0,0,1,1,0,0,1,1,0,0,1,0,0,1,1,0,0,1,1,0,0,1,1,0,0,1,1,0,0,1,1,0,0,1,1,0,1,0,1,0,1,0,1,0,1,0,1,0,1,0,1,0,1,0,1,0,1,0,1,1,0,1,1,1,0,1,1,1,0,1,1,1,0,1,1,1,0,1,1,1,0,1,1,0,1,1,1,0,1,1,1,0,1,1,1,0,1,1,1,0,1,1,1,0,1,1,1,1,1,0,1,1,1,0,1,1,1,0,1,1,1,0,1,1,1,0,1,1,1,0,1],"id":4,"name":"mulut","childs":[],"anchorPoint":[100,75,25],"parentTransformationMatrix":[0.9992386149554826,-0.015602268173062754,0.035759748456955065,0,-0.01683003823512273,-0.9992700695971879,0.03429399102226979,0,0.03519858228470537,-0.03486971802419756,-0.99877182708067,0,-146.31412126600813,405.1327650282378,70.57404027819797,1],"transformMat":[1,0,0,0,0,1,0,0,0,0,1,0,0,0,0,1],"localProjectionMat":[1,0,0,0,0,1,0,0,0,0,1,0,0,0,0,1],"projectionMat":[0.9992386149554826,-0.015602268173062627,0.03575974845695518,0,0.016830038235122607,0.9992700695971879,-0.0342939910222698,0,-0.035198582284705494,0.03486971802419756,0.99877182708067,0,-91.79851715119982,196.65295114470266,-145.50283518765107,1],"position":[150,125,200],"translateMat3":[1,0,0,0,0,1,0,0,0,0,1,0,150,125,200,1],"rotation":[0,180,180],"rotateXMat3":[1,0,0,0,0,1,0,0,0,0,1,0,0,0,0,1],"rotateYMat3":[-0.5984600690578581,0,-0.8011526357338304,0,0,1,0,0,0.8011526357338304,0,-0.5984600690578581,0,0,0,0,1],"rotateZMat3":[-0.5984600690578581,0.8011526357338304,0,0,-0.8011526357338304,-0.5984600690578581,0,0,0,0,1,0,0,0,0,1],"scale":[1,1,1],"scaleMat3":[1,0,0,0,0,1,0,0,0,0,1,0,0,0,0,1],"parentAnchorPoint":[150,100,95],"anchorPointmat":[1,0,0,0,0,1,0,0,0,0,1,0,-100,-75,-25,1],"rotateMat3":[1,-1.2246467991473532e-16,-1.2246467991473532e-16,0,-1.2246467991473532e-16,-1,1.4997597826618576e-32,0,-1.2246467991473532e-16,0,-1,0,0,0,0,1]}],"anchorPoint":[150,100,95],"parentTransformationMatrix":[0.9992386149554826,-0.015602268173062627,0.03575974845695518,0,0.017441774902830158,0.9985093154342031,-0.05171973974565147,0,-0.03489949670250097,0.05230407459247084,0.9980211966240684,0,-199.84612830141248,-201.81181691147518,-96.61012140466758,1],"transformMat":[1,0,0,0,0,1,0,0,0,0,1,0,0,0,0,1],"localProjectionMat":[1,0,0,0,0,1,0,0,0,0,1,0,0,0,0,1],"projectionMat":[0.9992386149554826,-0.015602268173062518,0.035759748456955044,0,0.033938836187073405,-0.10449033351678405,-0.9939466412236716,0,0.01924437008883002,0.994403509360967,-0.10388125331587539,0,-149.8753585496196,217.87383481860687,88.38349899513662,1],"position":[200,500,100],"translateMat3":[1,0,0,0,0,1,0,0,0,0,1,0,200,500,100,1],"rotation":["359",180,180],"rotateXMat3":[1,0,0,0,0,0.6536208072447929,-0.7568221986283603,0,0,0.7568221986283603,0.6536208072447929,0,0,0,0,1],"rotateYMat3":[-0.5984600690578581,0,-0.8011526357338304,0,0,1,0,0,0.8011526357338304,0,-0.5984600690578581,0,0,0,0,1],"rotateZMat3":[-0.5984600690578581,0.8011526357338304,0,0,-0.8011526357338304,-0.5984600690578581,0,0,0,0,1,0,0,0,0,1],"scale":[1,1,1],"scaleMat3":[1,0,0,0,0,1,0,0,0,0,1,0,0,0,0,1],"parentAnchorPoint":[200,200,100],"anchorPointmat":[1,0,0,0,0,1,0,0,0,0,1,0,-150,-100,-95,1],"rotateMat3":[1,-1.2030872458272942e-16,-1.2458333131889722e-16,0,-1.2246467991473532e-16,-0.9998476951563913,-0.01745240643728445,0,-1.2246467991473532e-16,0.01745240643728445,-0.9998476951563913,0,0,0,0,1]},{"vertexArray":[0,0,10,100,0,10,0,100,10,100,0,10,100,100,10,0,100,10,0,100,0,100,0,0,0,0,0,0,100,0,100,100,0,100,0,0,100,100,0,100,100,10,100,0,10,100,100,0,100,0,10,100,0,0,0,0,10,0,100,10,0,100,0,0,0,10,0,100,0,0,0,0,100,0,0,100,0,10,0,0,10,100,0,0,0,0,10,0,0,0,100,100,0,0,100,0,0,100,10,100,100,0,0,100,10,100,100,10],"colorArray":[1,0,0,1,1,0,0,1,1,0,0,1,1,0,0,1,1,0,0,1,1,0,0,1,0,0,1,1,0,0,1,1,0,0,1,1,0,0,1,1,0,0,1,1,0,0,1,1,0,1,0,1,0,1,0,1,0,1,0,1,0,1,0,1,0,1,0,1,0,1,0,1,1,0,1,1,1,0,1,1,1,0,1,1,1,0,1,1,1,0,1,1,1,0,1,1,0,1,1,1,0,1,1,1,0,1,1,1,0,1,1,1,0,1,1,1,0,1,1,1,1,1,0,1,1,1,0,1,1,1,0,1,1,1,0,1,1,1,0,1,1,1,0,1],"id":2,"name":"telinga kiri","childs":[],"anchorPoint":[100,0,5],"parentTransformationMatrix":[0.9992386149554826,-0.015602268173062754,0.035759748456955065,0,-0.01683003823512273,-0.9992700695971879,0.03429399102226979,0,0.03519858228470537,-0.03486971802419756,-0.99877182708067,0,-146.31412126600813,405.1327650282378,70.57404027819797,1],"transformMat":[1,0,0,0,0,1,0,0,0,0,1,0,0,0,0,1],"localProjectionMat":[1,0,0,0,0,1,0,0,0,0,1,0,0,0,0,1],"projectionMat":[0.9992386149554826,-0.015602268173062627,0.03575974845695518,0,0.016830038235122607,0.9992700695971879,-0.0342939910222698,0,-0.035198582284705494,0.03486971802419756,0.99877182708067,0,-220.16259727376666,354.42159717002727,14.674308205602962,1],"position":[25,50,50],"translateMat3":[1,0,0,0,0,1,0,0,0,0,1,0,25,50,50,1],"rotation":["33","149","197"],"rotateXMat3":[1,0,0,0,0,-0.013276747223059479,-0.9999118601072672,0,0,0.9999118601072672,-0.013276747223059479,0,0,0,0,1],"rotateYMat3":[-0.22374095013558368,0,-0.9746486480944947,0,0,1,0,0,0.9746486480944947,0,-0.22374095013558368,0,0,0,0,1],"rotateZMat3":[-0.6055518643146514,-0.7958058429196471,0,0,0.7958058429196471,-0.6055518643146514,0,0,0,0,1,0,0,0,0,1],"scale":[1,1,1],"scaleMat3":[1,0,0,0,0,1,0,0,0,0,1,0,0,0,0,1],"parentAnchorPoint":[150,100,95],"anchorPointmat":[1,0,0,0,0,1,0,0,0,0,1,0,-100,0,-5,1],"rotateMat3":[0.8197131663174273,-0.023049350545424868,-0.5723102763408078,0,0.25061146493886294,-0.8840377929583567,0.3945517383848597,0,-0.5150380749100544,-0.4668467715008339,-0.7188809869040865,0,0,0,0,1]},{"vertexArray":[0,0,10,100,0,10,0,100,10,100,0,10,100,100,10,0,100,10,0,100,0,100,0,0,0,0,0,0,100,0,100,100,0,100,0,0,100,100,0,100,100,10,100,0,10,100,100,0,100,0,10,100,0,0,0,0,10,0,100,10,0,100,0,0,0,10,0,100,0,0,0,0,100,0,0,100,0,10,0,0,10,100,0,0,0,0,10,0,0,0,100,100,0,0,100,0,0,100,10,100,100,0,0,100,10,100,100,10],"colorArray":[1,0,0,1,1,0,0,1,1,0,0,1,1,0,0,1,1,0,0,1,1,0,0,1,0,0,1,1,0,0,1,1,0,0,1,1,0,0,1,1,0,0,1,1,0,0,1,1,0,1,0,1,0,1,0,1,0,1,0,1,0,1,0,1,0,1,0,1,0,1,0,1,1,0,1,1,1,0,1,1,1,0,1,1,1,0,1,1,1,0,1,1,1,0,1,1,0,1,1,1,0,1,1,1,0,1,1,1,0,1,1,1,0,1,1,1,0,1,1,1,1,1,0,1,1,1,0,1,1,1,0,1,1,1,0,1,1,1,0,1,1,1,0,1],"id":3,"name":"telinga kanan","childs":[],"anchorPoint":[0,0,5],"parentTransformationMatrix":[0.9992386149554826,-0.015602268173062754,0.035759748456955065,0,-0.01683003823512273,-0.9992700695971879,0.03429399102226979,0,0.03519858228470537,-0.03486971802419756,-0.99877182708067,0,-146.31412126600813,405.1327650282378,70.57404027819797,1],"transformMat":[1,0,0,0,0,1,0,0,0,0,1,0,0,0,0,1],"localProjectionMat":[1,0,0,0,0,1,0,0,0,0,1,0,0,0,0,1],"projectionMat":[0.9992386149554826,-0.015602268173062582,0.03575974845695508,0,0.0346241017826118,0.7770674415477061,-0.6284642892497947,0,-0.017982267865767163,0.6292239351092409,0.777016008540394,0,129.4848363885575,345.9890322240301,28.29899925823863,1],"position":[275,50,50],"translateMat3":[1,0,0,0,0,1,0,0,0,0,1,0,275,50,50,1],"rotation":["37",180,180],"rotateXMat3":[1,0,0,0,0,0.7654140519453434,0.6435381333569995,0,0,-0.6435381333569995,0.7654140519453434,0,0,0,0,1],"rotateYMat3":[-0.5984600690578581,0,-0.8011526357338304,0,0,1,0,0,0.8011526357338304,0,-0.5984600690578581,0,0,0,0,1],"rotateZMat3":[-0.5984600690578581,0.8011526357338304,0,0,-0.8011526357338304,-0.5984600690578581,0,0,0,0,1,0,0,0,0,1],"scale":[1,1,1],"scaleMat3":[1,0,0,0,0,1,0,0,0,0,1,0,0,0,0,1],"parentAnchorPoint":[150,100,95],"anchorPointmat":[1,0,0,0,0,1,0,0,0,0,1,0,0,0,-5,1],"rotateMat3":[1,-1.7150572628467771e-16,-2.4103557928288486e-17,0,-1.2246467991473532e-16,-0.7986355100472928,0.6018150231520483,0,-1.2246467991473532e-16,-0.6018150231520483,-0.7986355100472928,0,0,0,0,1]},{"vertexArray":[0,0,50,200,0,50,0,100,50,200,0,50,200,100,50,0,100,50,0,100,0,200,0,0,0,0,0,0,100,0,200,100,0,200,0,0,200,100,0,200,100,50,200,0,50,200,100,0,200,0,50,200,0,0,0,0,50,0,100,50,0,100,0,0,0,50,0,100,0,0,0,0,200,0,0,200,0,50,0,0,50,200,0,0,0,0,50,0,0,0,200,100,0,0,100,0,0,100,50,200,100,0,0,100,50,200,100,50],"colorArray":[1,0,0,1,1,0,0,1,1,0,0,1,1,0,0,1,1,0,0,1,1,0,0,1,0,0,1,1,0,0,1,1,0,0,1,1,0,0,1,1,0,0,1,1,0,0,1,1,0,1,0,1,0,1,0,1,0,1,0,1,0,1,0,1,0,1,0,1,0,1,0,1,1,0,1,1,1,0,1,1,1,0,1,1,1,0,1,1,1,0,1,1,1,0,1,1,0,1,1,1,0,1,1,1,0,1,1,1,0,1,1,1,0,1,1,1,0,1,1,1,1,1,0,1,1,1,0,1,1,1,0,1,1,1,0,1,1,1,0,1,1,1,0,1],"id":4,"name":"mulut","childs":[],"anchorPoint":[100,75,25],"parentTransformationMatrix":[0.9992386149554826,-0.015602268173062754,0.035759748456955065,0,-0.01683003823512273,-0.9992700695971879,0.03429399102226979,0,0.03519858228470537,-0.03486971802419756,-0.99877182708067,0,-146.31412126600813,405.1327650282378,70.57404027819797,1],"transformMat":[1,0,0,0,0,1,0,0,0,0,1,0,0,0,0,1],"localProjectionMat":[1,0,0,0,0,1,0,0,0,0,1,0,0,0,0,1],"projectionMat":[0.9992386149554826,-0.015602268173062627,0.03575974845695518,0,0.016830038235122607,0.9992700695971879,-0.0342939910222698,0,-0.035198582284705494,0.03486971802419756,0.99877182708067,0,-91.79851715119982,196.65295114470266,-145.50283518765107,1],"position":[150,125,200],"translateMat3":[1,0,0,0,0,1,0,0,0,0,1,0,150,125,200,1],"rotation":[0,180,180],"rotateXMat3":[1,0,0,0,0,1,0,0,0,0,1,0,0,0,0,1],"rotateYMat3":[-0.5984600690578581,0,-0.8011526357338304,0,0,1,0,0,0.8011526357338304,0,-0.5984600690578581,0,0,0,0,1],"rotateZMat3":[-0.5984600690578581,0.8011526357338304,0,0,-0.8011526357338304,-0.5984600690578581,0,0,0,0,1,0,0,0,0,1],"scale":[1,1,1],"scaleMat3":[1,0,0,0,0,1,0,0,0,0,1,0,0,0,0,1],"parentAnchorPoint":[150,100,95],"anchorPointmat":[1,0,0,0,0,1,0,0,0,0,1,0,-100,-75,-25,1],"rotateMat3":[1,-1.2246467991473532e-16,-1.2246467991473532e-16,0,-1.2246467991473532e-16,-1,1.4997597826618576e-32,0,-1.2246467991473532e-16,0,-1,0,0,0,0,1]},{"vertexArray":[0,0,150,250,0,150,0,100,150,250,0,150,250,100,150,0,100,150,0,100,0,250,0,0,0,0,0,0,100,0,250,100,0,250,0,0,250,100,0,250,100,150,250,0,150,250,100,0,250,0,150,250,0,0,0,0,150,0,100,150,0,100,0,0,0,150,0,100,0,0,0,0,250,0,0,250,0,150,0,0,150,250,0,0,0,0,150,0,0,0,250,100,0,0,100,0,0,100,150,250,100,0,0,100,150,250,100,150],"colorArray":[1,0,0,1,1,0,0,1,1,0,0,1,1,0,0,1,1,0,0,1,1,0,0,1,0,0,1,1,0,0,1,1,0,0,1,1,0,0,1,1,0,0,1,1,0,0,1,1,0,1,0,1,0,1,0,1,0,1,0,1,0,1,0,1,0,1,0,1,0,1,0,1,1,0,1,1,1,0,1,1,1,0,1,1,1,0,1,1,1,0,1,1,1,0,1,1,0,1,1,1,0,1,1,1,0,1,1,1,0,1,1,1,0,1,1,1,0,1,1,1,1,1,0,1,1,1,0,1,1,1,0,1,1,1,0,1,1,1,0,1,1,1,0,1],"id":5,"name":"tangan kiri","childs":[],"anchorPoint":[250,50,75],"parentTransformationMatrix":[0.9992386149554826,-0.015602268173062627,0.03575974845695518,0,0.017441774902830158,0.9985093154342031,-0.05171973974565147,0,-0.03489949670250097,0.05230407459247084,0.9980211966240684,0,-199.84612830141248,-201.81181691147518,-96.61012140466758,1],"transformMat":[1,0,0,0,0,1,0,0,0,0,1,0,0,0,0,1],"localProjectionMat":[1,0,0,0,0,1,0,0,0,0,1,0,0,0,0,1],"projectionMat":[-0.03489949670250079,0.05230407459247072,0.9980211966240684,0,-0.017441774902830155,-0.9985093154342031,0.05171973974565135,0,0.9992386149554826,-0.015602268173062638,0.035759748456955,0,-212.70266808330652,185.143808200491,-267.63659180923406,1],"position":[50,345,100],"translateMat3":[1,0,0,0,0,1,0,0,0,0,1,0,50,345,100,1],"rotation":["15","249","183"],"rotateXMat3":[1,0,0,0,0,-0.7596879128588213,-0.6502878401571168,0,0,0.6502878401571168,-0.7596879128588213,0,0,0,0,1],"rotateYMat3":[-0.68646463135462,0,-0.727163193443649,0,0,1,0,0,0.727163193443649,0,-0.68646463135462,0,0,0,0,1],"rotateZMat3":[0.7055296442942061,-0.7086804082392084,0,0,0.7086804082392084,0.7055296442942061,0,0,0,0,1,0,0,0,0,1],"scale":[1,1,1],"scaleMat3":[1,0,0,0,0,1,0,0,0,0,1,0,0,0,0,1],"parentAnchorPoint":[200,200,100],"anchorPointmat":[1,0,0,0,0,1,0,0,0,0,1,0,-250,-50,-75,1],"rotateMat3":[0.35787681872537425,0.2918499029740162,0.8869880589687006,0,0.018755529326276266,-0.9519562054322254,0.30565930880437747,0,0.9335804264972016,-0.09275245049666306,-0.3461568577800637,0,0,0,0,1]},{"vertexArray":[0,0,150,250,0,150,0,100,150,250,0,150,250,100,150,0,100,150,0,100,0,250,0,0,0,0,0,0,100,0,250,100,0,250,0,0,250,100,0,250,100,150,250,0,150,250,100,0,250,0,150,250,0,0,0,0,150,0,100,150,0,100,0,0,0,150,0,100,0,0,0,0,250,0,0,250,0,150,0,0,150,250,0,0,0,0,150,0,0,0,250,100,0,0,100,0,0,100,150,250,100,0,0,100,150,250,100,150],"colorArray":[1,0,0,1,1,0,0,1,1,0,0,1,1,0,0,1,1,0,0,1,1,0,0,1,0,0,1,1,0,0,1,1,0,0,1,1,0,0,1,1,0,0,1,1,0,0,1,1,0,1,0,1,0,1,0,1,0,1,0,1,0,1,0,1,0,1,0,1,0,1,0,1,1,0,1,1,1,0,1,1,1,0,1,1,1,0,1,1,1,0,1,1,1,0,1,1,0,1,1,1,0,1,1,1,0,1,1,1,0,1,1,1,0,1,1,1,0,1,1,1,1,1,0,1,1,1,0,1,1,1,0,1,1,1,0,1,1,1,0,1,1,1,0,1],"id":6,"name":"tangan kanan","childs":[],"anchorPoint":[0,50,75],"parentTransformationMatrix":[0.9992386149554826,-0.015602268173062627,0.03575974845695518,0,0.017441774902830158,0.9985093154342031,-0.05171973974565147,0,-0.03489949670250097,0.05230407459247084,0.9980211966240684,0,-199.84612830141248,-201.81181691147518,-96.61012140466758,1],"transformMat":[1,0,0,0,0,1,0,0,0,0,1,0,0,0,0,1],"localProjectionMat":[1,0,0,0,0,1,0,0,0,0,1,0,0,0,0,1],"projectionMat":[0.03489949670250091,-0.05230407459247096,-0.9980211966240684,0,-0.01744177490283016,-0.9985093154342031,0.0517197397456516,0,-0.9992386149554826,0.015602268173062631,-0.03575974845695512,0,228.22983447103547,191.19880617073053,-2.0394058475871333,1],"position":[350,345,100],"translateMat3":[1,0,0,0,0,1,0,0,0,0,1,0,350,345,100,1],"rotation":[0,"127",180],"rotateXMat3":[1,0,0,0,0,1,0,0,0,0,1,0,0,0,0,1],"rotateYMat3":[0.23235910202965793,0,0.972630067242408,0,0,1,0,0,-0.972630067242408,0,0.23235910202965793,0,0,0,0,1],"rotateZMat3":[-0.5984600690578581,0.8011526357338304,0,0,-0.8011526357338304,-0.5984600690578581,0,0,0,0,1,0,0,0,0,1],"scale":[1,1,1],"scaleMat3":[1,0,0,0,0,1,0,0,0,0,1,0,0,0,0,1],"parentAnchorPoint":[200,200,100],"anchorPointmat":[1,0,0,0,0,1,0,0,0,0,1,0,0,-50,-75,1],"rotateMat3":[0.6018150231520484,-1.2246467991473532e-16,-0.7986355100472927,0,-7.370108417819463e-17,-1,9.780464210648308e-17,0,-0.7986355100472927,0,-0.6018150231520484,0,0,0,0,1]},{"vertexArray":[0,0,150,250,0,150,0,100,150,250,0,150,250,100,150,0,100,150,0,100,0,250,0,0,0,0,0,0,100,0,250,100,0,250,0,0,250,100,0,250,100,150,250,0,150,250,100,0,250,0,150,250,0,0,0,0,150,0,100,150,0,100,0,0,0,150,0,100,0,0,0,0,250,0,0,250,0,150,0,0,150,250,0,0,0,0,150,0,0,0,250,100,0,0,100,0,0,100,150,250,100,0,0,100,150,250,100,150],"colorArray":[1,0,0,1,1,0,0,1,1,0,0,1,1,0,0,1,1,0,0,1,1,0,0,1,0,0,1,1,0,0,1,1,0,0,1,1,0,0,1,1,0,0,1,1,0,0,1,1,0,1,0,1,0,1,0,1,0,1,0,1,0,1,0,1,0,1,0,1,0,1,0,1,1,0,1,1,1,0,1,1,1,0,1,1,1,0,1,1,1,0,1,1,1,0,1,1,0,1,1,1,0,1,1,1,0,1,1,1,0,1,1,1,0,1,1,1,0,1,1,1,1,1,0,1,1,1,0,1,1,1,0,1,1,1,0,1,1,1,0,1,1,1,0,1],"id":7,"name":"kaki kiri","childs":[],"anchorPoint":[250,50,75],"parentTransformationMatrix":[0.9992386149554826,-0.015602268173062627,0.03575974845695518,0,0.017441774902830158,0.9985093154342031,-0.05171973974565147,0,-0.03489949670250097,0.05230407459247084,0.9980211966240684,0,-199.84612830141248,-201.81181691147518,-96.61012140466758,1],"transformMat":[1,0,0,0,0,1,0,0,0,0,1,0,0,0,0,1],"localProjectionMat":[1,0,0,0,0,1,0,0,0,0,1,0,0,0,0,1],"projectionMat":[-0.03489949670250079,0.05230407459247072,0.9980211966240684,0,-0.017441774902830155,-0.9985093154342031,0.05171973974565135,0,0.9992386149554826,-0.015602268173062638,0.035759748456955,0,-217.76078280512726,-104.42389327542787,-252.63786728299513,1],"position":[50,55,100],"translateMat3":[1,0,0,0,0,1,0,0,0,0,1,0,50,55,100,1],"rotation":["3",270,"207"],"rotateXMat3":[1,0,0,0,0,-0.9899924966004454,-0.1411200080598672,0,0,0.1411200080598672,-0.9899924966004454,0,0,0,0,1],"rotateYMat3":[0.9843819506325049,0,-0.1760459464712114,0,0,1,0,0,0.1760459464712114,0,0.9843819506325049,0,0,0,0,1],"rotateZMat3":[0.9410365074429887,0.3383050275409778,0,0,-0.3383050275409778,0.9410365074429887,0,0,0,0,1,0,0,0,0,1],"scale":[1,1,1],"scaleMat3":[1,0,0,0,0,1,0,0,0,0,1,0,0,0,0,1],"parentAnchorPoint":[200,200,100],"anchorPointmat":[1,0,0,0,0,1,0,0,0,0,1,0,-250,-50,-75,1],"rotateMat3":[1.6367524318000406e-16,0.49999999999999944,0.8660254037844389,0,8.339670185240139e-17,-0.8660254037844389,0.49999999999999944,0,1,-9.6139591